<?xml version="1.0"?>
<opencv_storage>
<rotation_vector type_id="opencv-matrix">
  <rows>3</rows>
  <cols>1</cols>
  <dt>d</dt>
  <data>
    -1.451390325460935 0.0014572362338698321 0.0062254102153326638</data></rotation_vector>
<translation_vector type_id="opencv-matrix">
  <rows>3</rows>
  <cols>1</cols>
  <dt>d</dt>
  <data>
    -0.71287988213587494 1.3489642879649901 5.8559875052861488</data></translation_vector>
</opencv_storage>
