<?xml version="1.0"?>
<opencv_storage>
<rotation_vector type_id="opencv-matrix">
  <rows>3</rows>
  <cols>1</cols>
  <dt>d</dt>
  <data>
    -1.451956741968617 0.010003435620376918 -0.0015246173074786138</data></rotation_vector>
<translation_vector type_id="opencv-matrix">
  <rows>3</rows>
  <cols>1</cols>
  <dt>d</dt>
  <data>
    -0.42122978335679812 0.76444957621028509 3.3495237442018824</data></translation_vector>
</opencv_storage>
