<?xml version="1.0"?>
<opencv_storage>
<rotation_vector type_id="opencv-matrix">
  <rows>3</rows>
  <cols>1</cols>
  <dt>d</dt>
  <data>
    -1.4746178382744419 0.039316040053859282 0.010510768619029715</data></rotation_vector>
<translation_vector type_id="opencv-matrix">
  <rows>3</rows>
  <cols>1</cols>
  <dt>d</dt>
  <data>
    -0.61746053241454357 1.5100363051841035 5.8095800829599593</data></translation_vector>
</opencv_storage>
