{
    "mtx": {
        "type_id": "opencv-matrix",
        "rows": 3,
        "cols": 3,
        "dt": "f",
        "data": [ 480.378632, 0.0, 341.802399, 0.0, 611.913086,
            272.167816, 0.0, 0.0, 1.0 ]
    },
    "dist": {
        "type_id": "opencv-matrix",
        "rows": 1,
        "cols": 5,
        "dt": "f",
        "data": [ -0.313282639, 0.135523036, -0.00480986899,
            0.00255831797, 0.0363508388 ]
    },
    "rvec": {
        "type_id": "opencv-matrix",
        "rows": 3,
        "cols": 1,
        "dt": "d",
        "data": [ -1.451390325460935, 0.0014572362338698321,
            0.0062254102153326638 ]
    },
    "tvec": {
        "type_id": "opencv-matrix",
        "rows": 3,
        "cols": 1,
        "dt": "d",
        "data": [ -0.71287988213587494, 1.3489642879649901,
            5.8559875052861488 ]
    },
    "P": {
        "type_id": "opencv-matrix",
        "rows": 3,
        "cols": 4,
        "dt": "d",
        "data": [ 478.73825119576992, -341.83524752280715,
            39.380957677125089, 1659.1383136867694, 0.76511249510039259,
            -197.34208731734728, 639.97535895697445, 2419.2602310544694,
            -0.0047751821395443121, -0.99286781977697924,
            0.11912468294539953, 5.8559875052861488 ]
    }
}
