{
    "mtx": {
        "type_id": "opencv-matrix",
        "rows": 3,
        "cols": 3,
        "dt": "f",
        "data": [ 1014.76678, 0.0, 381.63797, 0.0, 1039.86487, 213.47789,
            0.0, 0.0, 1.0 ]
    },
    "dist": {
        "type_id": "opencv-matrix",
        "rows": 1,
        "cols": 5,
        "dt": "f",
        "data": [ -1.62755179, 11.0226488, 0.0297294296, -0.00412469357,
            -27.5249043 ]
    },
    "rvec": {
        "type_id": "opencv-matrix",
        "rows": 3,
        "cols": 1,
        "dt": "d",
        "data": [ -1.1893434271365917, 0.97052308975937618,
            1.1022630205951398 ]
    },
    "tvec": {
        "type_id": "opencv-matrix",
        "rows": 3,
        "cols": 1,
        "dt": "d",
        "data": [ -0.82755911875890975, 1.5232259977893159,
            8.652032906387209 ]
    },
    "P": {
        "type_id": "opencv-matrix",
        "rows": 3,
        "cols": 4,
        "dt": "d",
        "data": [ -160.42501271965543, -1070.7404652614455,
            56.372322413825657, 2462.1647684477007, -72.623536119504251,
            -9.4524217445914704, 1059.0222978255138, 3430.9669305681073,
            -0.96983850461974064, -0.20410171040665998,
            0.13325076647442319, 8.652032906387209 ]
    }
}
