<?xml version="1.0"?>
<opencv_storage>
<rotation_vector type_id="opencv-matrix">
  <rows>3</rows>
  <cols>1</cols>
  <dt>d</dt>
  <data>
    -1.2148723853786429 0.58549078811736632 0.66775034239106223</data></rotation_vector>
<translation_vector type_id="opencv-matrix">
  <rows>3</rows>
  <cols>1</cols>
  <dt>d</dt>
  <data>
    0.16998731624726657 -0.010314604776579327 7.2007265850433004</data></translation_vector>
</opencv_storage>
