<?xml version="1.0"?>
<opencv_storage>
<rotation_vector type_id="opencv-matrix">
  <rows>3</rows>
  <cols>1</cols>
  <dt>d</dt>
  <data>
    -1.2044357452222383 0.58528193299517139 0.65445184558914626</data></rotation_vector>
<translation_vector type_id="opencv-matrix">
  <rows>3</rows>
  <cols>1</cols>
  <dt>d</dt>
  <data>
    0.17581750507320759 0.01312147820740367 7.0941805625174359</data></translation_vector>
</opencv_storage>
