<?xml version="1.0"?>
<opencv_storage>
<camera_matrix type_id="opencv-matrix">
  <rows>3</rows>
  <cols>3</cols>
  <dt>d</dt>
  <data>
    505.21641721908014 0. 346.76808237976007 0. 643.16191368400666
    298.16994473776015 0. 0. 1.</data></camera_matrix>
<distortion_coefficients type_id="opencv-matrix">
  <rows>1</rows>
  <cols>5</cols>
  <dt>d</dt>
  <data>
    -0.30617302929615164 0.31763665849119316 -0.028761083739638926
    -0.0052488711497642344 -0.19856788981171411</data></distortion_coefficients>
<rotation_vector type_id="opencv-matrix">
  <rows>3</rows>
  <cols>1</cols>
  <dt>d</dt>
  <data>
    -1.2030159619417928 0.59828544203583767 0.66371203019608815</data></rotation_vector>
<translation_vector type_id="opencv-matrix">
  <rows>3</rows>
  <cols>1</cols>
  <dt>d</dt>
  <data>
    0.1261801425567825 -0.025721876967121075 7.1770222256049792</data></translation_vector>
</opencv_storage>
