{
    "mtx": {
        "type_id": "opencv-matrix",
        "rows": 3,
        "cols": 3,
        "dt": "f",
        "data": [ 506.263733, 0.0, 343.234772, 0.0, 648.431213,
            296.727875, 0.0, 0.0, 1.0 ]
    },
    "dist": {
        "type_id": "opencv-matrix",
        "rows": 1,
        "cols": 5,
        "dt": "f",
        "data": [ -0.314525306, 0.342882991, -0.0286318175,
            -0.00636796933, -0.230803445 ]
    },
    "rvec": {
        "type_id": "opencv-matrix",
        "rows": 3,
        "cols": 1,
        "dt": "d",
        "data": [ -1.2148723853786429, 0.58549078811736632,
            0.66775034239106223 ]
    },
    "tvec": {
        "type_id": "opencv-matrix",
        "rows": 3,
        "cols": 1,
        "dt": "d",
        "data": [ 0.16998731624726657, -0.010314604776579327,
            7.2007265850433004 ]
    },
    "P": {
        "type_id": "opencv-matrix",
        "rows": 3,
        "cols": 4,
        "dt": "d",
        "data": [ 93.461241055279828, -593.8317356431952,
            112.88021060863414, 2557.5981589675116, -117.63281086488911,
            -56.764218661082097, 701.03553078926882, 2129.9679845871142,
            -0.72284055567419314, -0.64427960877407875,
            0.24981056180743061, 7.2007265850433004 ]
    }
}
