<?xml version="1.0"?>
<opencv_storage>
<rotation_vector type_id="opencv-matrix">
  <rows>3</rows>
  <cols>1</cols>
  <dt>d</dt>
  <data>
    -0.80636274448118395 1.6001413406806522 1.8006794174063774</data></rotation_vector>
<translation_vector type_id="opencv-matrix">
  <rows>3</rows>
  <cols>1</cols>
  <dt>d</dt>
  <data>
    0.51359459680581143 0.55350049826727032 3.4047816516559712</data></translation_vector>
</opencv_storage>
