<?xml version="1.0"?>
<opencv_storage>
<rotation_vector type_id="opencv-matrix">
  <rows>3</rows>
  <cols>1</cols>
  <dt>d</dt>
  <data>
    -1.3434602884945748 -0.66376517001538116 -0.64546740621689447</data></rotation_vector>
<translation_vector type_id="opencv-matrix">
  <rows>3</rows>
  <cols>1</cols>
  <dt>d</dt>
  <data>
    -0.80759512389863042 0.87395905326929912 5.3323390774747415</data></translation_vector>
</opencv_storage>
