<?xml version="1.0"?>
<opencv_storage>
<rotation_vector type_id="opencv-matrix">
  <rows>3</rows>
  <cols>1</cols>
  <dt>d</dt>
  <data>
    -1.3467071594093947 -0.68113654321632511 -0.67398486187016071</data></rotation_vector>
<translation_vector type_id="opencv-matrix">
  <rows>3</rows>
  <cols>1</cols>
  <dt>d</dt>
  <data>
    -0.86641805678078543 0.87820384101073568 5.2040692970136258</data></translation_vector>
</opencv_storage>
