<?xml version="1.0"?>
<opencv_storage>
<camera_matrix type_id="opencv-matrix">
  <rows>3</rows>
  <cols>3</cols>
  <dt>d</dt>
  <data>
    448.14585607892792 0. 303.73248424166496 0. 567.97696225451659
    254.20526880326773 0. 0. 1.</data></camera_matrix>
<distortion_coefficients type_id="opencv-matrix">
  <rows>1</rows>
  <cols>5</cols>
  <dt>d</dt>
  <data>
    -0.18229154843791229 0.18491102005149471 -0.0038673518295127243
    0.00027075024074179731 -0.14627044287026023</data></distortion_coefficients>
<rotation_vector type_id="opencv-matrix">
  <rows>3</rows>
  <cols>1</cols>
  <dt>d</dt>
  <data>
    -0.84147308817546707 1.5698955738084517 1.7816695982728512</data></rotation_vector>
<translation_vector type_id="opencv-matrix">
  <rows>3</rows>
  <cols>1</cols>
  <dt>d</dt>
  <data>
    0.70191288719419065 0.9340638786240073 5.9293912119094037</data></translation_vector>
</opencv_storage>
