{
    "mtx": {
        "type_id": "opencv-matrix",
        "rows": 3,
        "cols": 3,
        "dt": "f",
        "data": [ 445.508606, 0.0, 282.166046, 0.0, 566.689514,
            254.614914, 0.0, 0.0, 1.0 ]
    },
    "dist": {
        "type_id": "opencv-matrix",
        "rows": 1,
        "cols": 5,
        "dt": "f",
        "data": [ -0.0827993974, -0.190165609, -0.00387326349,
            -0.00343195, 0.218773812 ]
    },
    "rvec": {
        "type_id": "opencv-matrix",
        "rows": 3,
        "cols": 1,
        "dt": "d",
        "data": [ -1.3434602884945748, -0.66376517001538116,
            -0.64546740621689447 ]
    },
    "tvec": {
        "type_id": "opencv-matrix",
        "rows": 3,
        "cols": 1,
        "dt": "d",
        "data": [ -0.80759512389863042, 0.87395905326929912,
            5.3323390774747415 ]
    },
    "P": {
        "type_id": "opencv-matrix",
        "rows": 3,
        "cols": 4,
        "dt": "d",
        "data": [ 505.41263623031278, 150.48656466658707,
            2.7306722775960455, 1144.8144563568355, 168.96023001059643,
            -100.74072309730728, 589.29577229483368, 1852.9564866054707,
            0.7516036432541181, -0.65116340530963157, 0.1052529478575359,
            5.3323390774747415 ]
    }
}
